Winner
0190 0290 0290 0290 0290 0390 0490 0590 0690 0790 0890 0990 0A90 0B90 0C90 0D90 0E90 0490 0394 0290 0290 0290 0290 0F90
...
5590 5690 5690 5690 5690 5690 5690 5690 5690 5690 5690 5690 5690 5690 5690 5690 5690 5690 5690 5690 5690 5690 5690 5790

Na versão branca, o tilemap começa em 0x6B3BE0 e termina em 0x6B3F3F

LOSER
0190 0290 0290 0290 0290 0390 0490 0490 0590 0690 0790 0890 0990 0A90 0B90 0C90 0490 0490 0394 0290 0290 0290 0290 0D90
...
5590 5690 5690 5690 5690 5690 5690 5690 5690 5690 5690 5690 5690 5690 5690 5690 5690 5690 5690 5690 5690 5690 5690 5790

Na versão branca, o tilemap começa em 0x6B4A20 e termina em 0x6B4D7F